{
 "cells": [
  {
   "cell_type": "code",
   "execution_count": 1,
   "metadata": {
    "collapsed": false
   },
   "outputs": [],
   "source": [
    "from VariationalBayes import ScalarParam, ModelParamsDict, VectorParam\n",
    "from VariationalBayes.NormalParams import MVNParam, UVNParam\n",
    "from VariationalBayes.GammaParams import GammaParam\n",
    "\n",
    "# import math\n",
    "\n",
    "from autograd import grad, hessian, jacobian, hessian_vector_product\n",
    "import autograd.numpy as np\n",
    "import autograd.numpy.random as npr\n",
    "import autograd.scipy as asp\n",
    "import scipy as sp\n",
    "\n",
    "import copy\n",
    "from scipy import optimize\n"
   ]
  },
  {
   "cell_type": "code",
   "execution_count": 2,
   "metadata": {
    "collapsed": true
   },
   "outputs": [],
   "source": [
    "# This should go in the main library.\n",
    "from VariationalBayes.Parameters import set_free_offset, get_free_offset\n",
    "\n",
    "class UVNParamVector(object):\n",
    "    def __init__(self, name, length, min_var=0.0):\n",
    "        self.name = name\n",
    "        self.mean = VectorParam(name + '_mean', length)\n",
    "        self.var = VectorParam(name + '_var', length, lb=min_var)\n",
    "        self.__free_size = self.mean.free_size() + self.var.free_size()\n",
    "    def __str__(self):\n",
    "        return self.name + ':\\n' + str(self.mean) + '\\n' + str(self.var)\n",
    "    def names(self):\n",
    "        return self.mean.names() + self.var.names()\n",
    "    def e(self):\n",
    "        return self.mean.get()\n",
    "    def e_outer(self):\n",
    "        mean = self.mean.get() ** 2 + self.var.get()\n",
    "    def set_free(self, free_val):\n",
    "        if free_val.size != self.__free_size: \\\n",
    "            raise ValueError('Wrong size for UVNParam ' + self.name)\n",
    "        offset = 0\n",
    "        offset = set_free_offset(self.mean, free_val, offset)\n",
    "        offset = set_free_offset(self.var, free_val, offset)\n",
    "    def get_free(self):\n",
    "        vec = np.empty(self.__free_size)\n",
    "        offset = 0\n",
    "        offset = get_free_offset(self.mean, vec, offset)\n",
    "        offset = get_free_offset(self.var, vec, offset)\n",
    "        return vec\n",
    "    def free_size(self):\n",
    "        return self.__free_size"
   ]
  },
  {
   "cell_type": "code",
   "execution_count": 43,
   "metadata": {
    "collapsed": false
   },
   "outputs": [
    {
     "name": "stdout",
     "output_type": "stream",
     "text": [
      "10000\n",
      "ModelParamsList:\n",
      "\tmu:\n",
      "mu_mean: 0.1\n",
      "mu_var: 1.0\n",
      "\ttau:\n",
      "tau_shape: 2.1\n",
      "tau_rate: 2.1\n",
      "\tbeta:\n",
      "beta_mean:\n",
      "[ 0.  0.  0.  0.  0.  0.  0.  0.  0.  0.  0.  0.  0.  0.  0.  0.  0.  0.\n",
      "  0.  0.  0.  0.  0.  0.  0.]\n",
      "beta_cov:\n",
      "[[ 0.2  0.   0.   0.   0.   0.   0.   0.   0.   0.   0.   0.   0.   0.   0.\n",
      "   0.   0.   0.   0.   0.   0.   0.   0.   0.   0. ]\n",
      " [ 0.   0.2  0.   0.   0.   0.   0.   0.   0.   0.   0.   0.   0.   0.   0.\n",
      "   0.   0.   0.   0.   0.   0.   0.   0.   0.   0. ]\n",
      " [ 0.   0.   0.2  0.   0.   0.   0.   0.   0.   0.   0.   0.   0.   0.   0.\n",
      "   0.   0.   0.   0.   0.   0.   0.   0.   0.   0. ]\n",
      " [ 0.   0.   0.   0.2  0.   0.   0.   0.   0.   0.   0.   0.   0.   0.   0.\n",
      "   0.   0.   0.   0.   0.   0.   0.   0.   0.   0. ]\n",
      " [ 0.   0.   0.   0.   0.2  0.   0.   0.   0.   0.   0.   0.   0.   0.   0.\n",
      "   0.   0.   0.   0.   0.   0.   0.   0.   0.   0. ]\n",
      " [ 0.   0.   0.   0.   0.   0.2  0.   0.   0.   0.   0.   0.   0.   0.   0.\n",
      "   0.   0.   0.   0.   0.   0.   0.   0.   0.   0. ]\n",
      " [ 0.   0.   0.   0.   0.   0.   0.2  0.   0.   0.   0.   0.   0.   0.   0.\n",
      "   0.   0.   0.   0.   0.   0.   0.   0.   0.   0. ]\n",
      " [ 0.   0.   0.   0.   0.   0.   0.   0.2  0.   0.   0.   0.   0.   0.   0.\n",
      "   0.   0.   0.   0.   0.   0.   0.   0.   0.   0. ]\n",
      " [ 0.   0.   0.   0.   0.   0.   0.   0.   0.2  0.   0.   0.   0.   0.   0.\n",
      "   0.   0.   0.   0.   0.   0.   0.   0.   0.   0. ]\n",
      " [ 0.   0.   0.   0.   0.   0.   0.   0.   0.   0.2  0.   0.   0.   0.   0.\n",
      "   0.   0.   0.   0.   0.   0.   0.   0.   0.   0. ]\n",
      " [ 0.   0.   0.   0.   0.   0.   0.   0.   0.   0.   0.2  0.   0.   0.   0.\n",
      "   0.   0.   0.   0.   0.   0.   0.   0.   0.   0. ]\n",
      " [ 0.   0.   0.   0.   0.   0.   0.   0.   0.   0.   0.   0.2  0.   0.   0.\n",
      "   0.   0.   0.   0.   0.   0.   0.   0.   0.   0. ]\n",
      " [ 0.   0.   0.   0.   0.   0.   0.   0.   0.   0.   0.   0.   0.2  0.   0.\n",
      "   0.   0.   0.   0.   0.   0.   0.   0.   0.   0. ]\n",
      " [ 0.   0.   0.   0.   0.   0.   0.   0.   0.   0.   0.   0.   0.   0.2  0.\n",
      "   0.   0.   0.   0.   0.   0.   0.   0.   0.   0. ]\n",
      " [ 0.   0.   0.   0.   0.   0.   0.   0.   0.   0.   0.   0.   0.   0.   0.2\n",
      "   0.   0.   0.   0.   0.   0.   0.   0.   0.   0. ]\n",
      " [ 0.   0.   0.   0.   0.   0.   0.   0.   0.   0.   0.   0.   0.   0.   0.\n",
      "   0.2  0.   0.   0.   0.   0.   0.   0.   0.   0. ]\n",
      " [ 0.   0.   0.   0.   0.   0.   0.   0.   0.   0.   0.   0.   0.   0.   0.\n",
      "   0.   0.2  0.   0.   0.   0.   0.   0.   0.   0. ]\n",
      " [ 0.   0.   0.   0.   0.   0.   0.   0.   0.   0.   0.   0.   0.   0.   0.\n",
      "   0.   0.   0.2  0.   0.   0.   0.   0.   0.   0. ]\n",
      " [ 0.   0.   0.   0.   0.   0.   0.   0.   0.   0.   0.   0.   0.   0.   0.\n",
      "   0.   0.   0.   0.2  0.   0.   0.   0.   0.   0. ]\n",
      " [ 0.   0.   0.   0.   0.   0.   0.   0.   0.   0.   0.   0.   0.   0.   0.\n",
      "   0.   0.   0.   0.   0.2  0.   0.   0.   0.   0. ]\n",
      " [ 0.   0.   0.   0.   0.   0.   0.   0.   0.   0.   0.   0.   0.   0.   0.\n",
      "   0.   0.   0.   0.   0.   0.2  0.   0.   0.   0. ]\n",
      " [ 0.   0.   0.   0.   0.   0.   0.   0.   0.   0.   0.   0.   0.   0.   0.\n",
      "   0.   0.   0.   0.   0.   0.   0.2  0.   0.   0. ]\n",
      " [ 0.   0.   0.   0.   0.   0.   0.   0.   0.   0.   0.   0.   0.   0.   0.\n",
      "   0.   0.   0.   0.   0.   0.   0.   0.2  0.   0. ]\n",
      " [ 0.   0.   0.   0.   0.   0.   0.   0.   0.   0.   0.   0.   0.   0.   0.\n",
      "   0.   0.   0.   0.   0.   0.   0.   0.   0.2  0. ]\n",
      " [ 0.   0.   0.   0.   0.   0.   0.   0.   0.   0.   0.   0.   0.   0.   0.\n",
      "   0.   0.   0.   0.   0.   0.   0.   0.   0.   0.2]]\n",
      "\tu:\n",
      "u_mean:\n",
      "[ 0.  0.  0.  0.  0.  0.  0.  0.  0.  0.  0.  0.  0.  0.  0.  0.  0.  0.\n",
      "  0.  0.  0.  0.  0.  0.  0.  0.  0.  0.  0.  0.  0.  0.  0.  0.  0.  0.\n",
      "  0.  0.  0.  0.  0.  0.  0.  0.  0.  0.  0.  0.  0.  0.  0.  0.  0.  0.\n",
      "  0.  0.  0.  0.  0.  0.  0.  0.  0.  0.  0.  0.  0.  0.  0.  0.  0.  0.\n",
      "  0.  0.  0.  0.  0.  0.  0.  0.  0.  0.  0.  0.  0.  0.  0.  0.  0.  0.\n",
      "  0.  0.  0.  0.  0.  0.  0.  0.  0.  0.  0.  0.  0.  0.  0.  0.  0.  0.\n",
      "  0.  0.  0.  0.  0.  0.  0.  0.  0.  0.  0.  0.  0.  0.  0.  0.  0.  0.\n",
      "  0.  0.  0.  0.  0.  0.  0.  0.  0.  0.  0.  0.  0.  0.  0.  0.  0.  0.\n",
      "  0.  0.  0.  0.  0.  0.  0.  0.  0.  0.  0.  0.  0.  0.  0.  0.  0.  0.\n",
      "  0.  0.  0.  0.  0.  0.  0.  0.  0.  0.  0.  0.  0.  0.  0.  0.  0.  0.\n",
      "  0.  0.  0.  0.  0.  0.  0.  0.  0.  0.  0.  0.  0.  0.  0.  0.  0.  0.\n",
      "  0.  0.  0.  0.  0.  0.  0.  0.  0.  0.  0.  0.  0.  0.  0.  0.  0.  0.\n",
      "  0.  0.  0.  0.  0.  0.  0.  0.  0.  0.  0.  0.  0.  0.  0.  0.  0.  0.\n",
      "  0.  0.  0.  0.  0.  0.  0.  0.  0.  0.  0.  0.  0.  0.  0.  0.  0.  0.\n",
      "  0.  0.  0.  0.  0.  0.  0.  0.  0.  0.  0.  0.  0.  0.  0.  0.  0.  0.\n",
      "  0.  0.  0.  0.  0.  0.  0.  0.  0.  0.  0.  0.  0.  0.  0.  0.  0.  0.\n",
      "  0.  0.  0.  0.  0.  0.  0.  0.  0.  0.  0.  0.  0.  0.  0.  0.  0.  0.\n",
      "  0.  0.  0.  0.  0.  0.  0.  0.  0.  0.  0.  0.  0.  0.  0.  0.  0.  0.\n",
      "  0.  0.  0.  0.  0.  0.  0.  0.  0.  0.  0.  0.  0.  0.  0.  0.  0.  0.\n",
      "  0.  0.  0.  0.  0.  0.  0.  0.  0.  0.  0.  0.  0.  0.  0.  0.  0.  0.\n",
      "  0.  0.  0.  0.  0.  0.  0.  0.  0.  0.  0.  0.  0.  0.  0.  0.  0.  0.\n",
      "  0.  0.  0.  0.  0.  0.  0.  0.  0.  0.  0.  0.  0.  0.  0.  0.  0.  0.\n",
      "  0.  0.  0.  0.  0.  0.  0.  0.  0.  0.  0.  0.  0.  0.  0.  0.  0.  0.\n",
      "  0.  0.  0.  0.  0.  0.  0.  0.  0.  0.  0.  0.  0.  0.  0.  0.  0.  0.\n",
      "  0.  0.  0.  0.  0.  0.  0.  0.  0.  0.  0.  0.  0.  0.  0.  0.  0.  0.\n",
      "  0.  0.  0.  0.  0.  0.  0.  0.  0.  0.  0.  0.  0.  0.  0.  0.  0.  0.\n",
      "  0.  0.  0.  0.  0.  0.  0.  0.  0.  0.  0.  0.  0.  0.  0.  0.  0.  0.\n",
      "  0.  0.  0.  0.  0.  0.  0.  0.  0.  0.  0.  0.  0.  0.]\n",
      "u_var:\n",
      "[ 0.1  0.1  0.1  0.1  0.1  0.1  0.1  0.1  0.1  0.1  0.1  0.1  0.1  0.1  0.1\n",
      "  0.1  0.1  0.1  0.1  0.1  0.1  0.1  0.1  0.1  0.1  0.1  0.1  0.1  0.1  0.1\n",
      "  0.1  0.1  0.1  0.1  0.1  0.1  0.1  0.1  0.1  0.1  0.1  0.1  0.1  0.1  0.1\n",
      "  0.1  0.1  0.1  0.1  0.1  0.1  0.1  0.1  0.1  0.1  0.1  0.1  0.1  0.1  0.1\n",
      "  0.1  0.1  0.1  0.1  0.1  0.1  0.1  0.1  0.1  0.1  0.1  0.1  0.1  0.1  0.1\n",
      "  0.1  0.1  0.1  0.1  0.1  0.1  0.1  0.1  0.1  0.1  0.1  0.1  0.1  0.1  0.1\n",
      "  0.1  0.1  0.1  0.1  0.1  0.1  0.1  0.1  0.1  0.1  0.1  0.1  0.1  0.1  0.1\n",
      "  0.1  0.1  0.1  0.1  0.1  0.1  0.1  0.1  0.1  0.1  0.1  0.1  0.1  0.1  0.1\n",
      "  0.1  0.1  0.1  0.1  0.1  0.1  0.1  0.1  0.1  0.1  0.1  0.1  0.1  0.1  0.1\n",
      "  0.1  0.1  0.1  0.1  0.1  0.1  0.1  0.1  0.1  0.1  0.1  0.1  0.1  0.1  0.1\n",
      "  0.1  0.1  0.1  0.1  0.1  0.1  0.1  0.1  0.1  0.1  0.1  0.1  0.1  0.1  0.1\n",
      "  0.1  0.1  0.1  0.1  0.1  0.1  0.1  0.1  0.1  0.1  0.1  0.1  0.1  0.1  0.1\n",
      "  0.1  0.1  0.1  0.1  0.1  0.1  0.1  0.1  0.1  0.1  0.1  0.1  0.1  0.1  0.1\n",
      "  0.1  0.1  0.1  0.1  0.1  0.1  0.1  0.1  0.1  0.1  0.1  0.1  0.1  0.1  0.1\n",
      "  0.1  0.1  0.1  0.1  0.1  0.1  0.1  0.1  0.1  0.1  0.1  0.1  0.1  0.1  0.1\n",
      "  0.1  0.1  0.1  0.1  0.1  0.1  0.1  0.1  0.1  0.1  0.1  0.1  0.1  0.1  0.1\n",
      "  0.1  0.1  0.1  0.1  0.1  0.1  0.1  0.1  0.1  0.1  0.1  0.1  0.1  0.1  0.1\n",
      "  0.1  0.1  0.1  0.1  0.1  0.1  0.1  0.1  0.1  0.1  0.1  0.1  0.1  0.1  0.1\n",
      "  0.1  0.1  0.1  0.1  0.1  0.1  0.1  0.1  0.1  0.1  0.1  0.1  0.1  0.1  0.1\n",
      "  0.1  0.1  0.1  0.1  0.1  0.1  0.1  0.1  0.1  0.1  0.1  0.1  0.1  0.1  0.1\n",
      "  0.1  0.1  0.1  0.1  0.1  0.1  0.1  0.1  0.1  0.1  0.1  0.1  0.1  0.1  0.1\n",
      "  0.1  0.1  0.1  0.1  0.1  0.1  0.1  0.1  0.1  0.1  0.1  0.1  0.1  0.1  0.1\n",
      "  0.1  0.1  0.1  0.1  0.1  0.1  0.1  0.1  0.1  0.1  0.1  0.1  0.1  0.1  0.1\n",
      "  0.1  0.1  0.1  0.1  0.1  0.1  0.1  0.1  0.1  0.1  0.1  0.1  0.1  0.1  0.1\n",
      "  0.1  0.1  0.1  0.1  0.1  0.1  0.1  0.1  0.1  0.1  0.1  0.1  0.1  0.1  0.1\n",
      "  0.1  0.1  0.1  0.1  0.1  0.1  0.1  0.1  0.1  0.1  0.1  0.1  0.1  0.1  0.1\n",
      "  0.1  0.1  0.1  0.1  0.1  0.1  0.1  0.1  0.1  0.1  0.1  0.1  0.1  0.1  0.1\n",
      "  0.1  0.1  0.1  0.1  0.1  0.1  0.1  0.1  0.1  0.1  0.1  0.1  0.1  0.1  0.1\n",
      "  0.1  0.1  0.1  0.1  0.1  0.1  0.1  0.1  0.1  0.1  0.1  0.1  0.1  0.1  0.1\n",
      "  0.1  0.1  0.1  0.1  0.1  0.1  0.1  0.1  0.1  0.1  0.1  0.1  0.1  0.1  0.1\n",
      "  0.1  0.1  0.1  0.1  0.1  0.1  0.1  0.1  0.1  0.1  0.1  0.1  0.1  0.1  0.1\n",
      "  0.1  0.1  0.1  0.1  0.1  0.1  0.1  0.1  0.1  0.1  0.1  0.1  0.1  0.1  0.1\n",
      "  0.1  0.1  0.1  0.1  0.1  0.1  0.1  0.1  0.1  0.1  0.1  0.1  0.1  0.1  0.1\n",
      "  0.1  0.1  0.1  0.1  0.1]\n"
     ]
    }
   ],
   "source": [
    "N = 20     # observations per group\n",
    "K = 25      # dimension of regressors\n",
    "NG = 500      # number of groups\n",
    "\n",
    "# Build an object to contain a variational approximation to a K-dimensional multivariate normal.\n",
    "glmm_par = ModelParamsDict()\n",
    "\n",
    "glmm_par.push_param(UVNParam('mu'))\n",
    "glmm_par.push_param(GammaParam('tau'))\n",
    "glmm_par.push_param(MVNParam('beta', K))\n",
    "glmm_par.push_param(UVNParamVector('u', NG))\n",
    "\n",
    "glmm_par['mu'].mean.set(0.1)\n",
    "glmm_par['mu'].var.set(1.0)\n",
    "\n",
    "glmm_par['tau'].shape.set(2.1)\n",
    "glmm_par['tau'].rate.set(2.1)\n",
    "\n",
    "glmm_par['beta'].mean.set(np.full(K, 0.))\n",
    "glmm_par['beta'].cov.set(0.2 * np.eye(K))\n",
    "\n",
    "glmm_par['u'].mean.set(np.full(NG, 0.))\n",
    "glmm_par['u'].var.set(np.full(NG, 0.1))\n",
    "    \n",
    "print N * NG\n",
    "print glmm_par"
   ]
  },
  {
   "cell_type": "code",
   "execution_count": 44,
   "metadata": {
    "collapsed": false
   },
   "outputs": [],
   "source": [
    "# Generate data\n",
    "\n",
    "def Logistic(u):\n",
    "    return np.exp(u) / (1 + np.exp(u))\n",
    "\n",
    "NObs = NG * N\n",
    "true_beta = np.random.rand(K) - 0.5\n",
    "true_mu = 0.2\n",
    "true_tau = 4.0\n",
    "true_u = np.random.normal(true_mu, 1 / np.sqrt(true_tau), NG)\n",
    "\n",
    "x_mat = np.random.random(K * NObs).reshape(NObs, K) - 0.5\n",
    "y_g_vec = [ g for g in range(NG) for n in range(N) ]\n",
    "true_rho = Logistic(np.matmul(x_mat, true_beta) + true_u[y_g_vec])\n",
    "y_vec = np.random.random(NObs) < true_rho\n"
   ]
  },
  {
   "cell_type": "code",
   "execution_count": 45,
   "metadata": {
    "collapsed": false
   },
   "outputs": [],
   "source": [
    "def DataLogLikelihood(x_mat, y_vec, e_beta, e_beta_outer, e_u, var_u, std_draws):\n",
    "    rho_mean = e_u + np.matmul(x_mat, e_beta)\n",
    "    rho_sd = np.sqrt(var_u + np.einsum('nk,kj,nj->n', x_mat, e_beta_outer, x_mat))\n",
    "    z = np.einsum('i,j->ij', rho_sd, std_draws) + np.expand_dims(rho_mean, 1)\n",
    "\n",
    "    # The sum is over observations and draws, so dividing by the draws size\n",
    "    # gives the sum of sample expectations over the draws.\n",
    "    # log(1 - p) = log(1 / (1 + exp(u))) = -log(1 + exp(u))\n",
    "    logit_term = -np.sum(np.log1p(np.exp(z))) / std_draws.size\n",
    "    y_term = np.sum(y_vec * rho_mean)\n",
    "    return y_term + logit_term\n",
    "\n",
    "\n",
    "def RandomEffectLogLikelihood(e_u, var_u, e_mu, var_mu, e_tau, e_log_tau):\n",
    "    return -0.5 * e_tau * np.sum((e_mu - e_u) ** 2 + var_mu + var_u) + \\\n",
    "           0.5 * e_log_tau * len(e_u)\n",
    "\n",
    "def UnivariateNormalEntropy(var_obs):\n",
    "    return 0.5 * np.sum(np.log(var_obs))\n",
    "\n",
    "def MultivariateNormalEntropy(cov_obs):\n",
    "    sign, logdet = np.linalg.slogdet(cov_obs)\n",
    "    assert sign > 0\n",
    "    return 0.5 * logdet\n",
    "\n",
    "def GammaEntropy(shape, rate):\n",
    "    return np.sum(shape - np.log(rate) + asp.special.gammaln(shape) + \\\n",
    "                  (1 - shape) * asp.special.digamma(shape))\n",
    "\n",
    "def MVNPrior(prior_mean, prior_info, e_obs, cov_obs):\n",
    "    obs_diff = e_obs - prior_mean\n",
    "    return -0.5 * (np.dot(obs_diff, np.matmul(prior_info, obs_diff)) + \\\n",
    "                   np.trace(np.matmul(prior_info, cov_obs)))\n",
    "\n",
    "def UVNPrior(prior_mean, prior_info, e_obs, var_obs):\n",
    "    return -0.5 * (prior_info * ((e_obs - prior_mean) ** 2 + var_obs))\n",
    "\n",
    "\n",
    "def Elbo(y_vec, x_mat, y_g_vec, glmm_par_elbo, std_draws):\n",
    "    e_beta = glmm_par_elbo['beta'].mean.get()\n",
    "    cov_beta = glmm_par_elbo['beta'].cov.get()\n",
    "    e_beta_outer = glmm_par_elbo['beta'].e_outer()\n",
    "    \n",
    "    e_u = glmm_par_elbo['u'].mean.get()\n",
    "    var_u = glmm_par_elbo['u'].var.get()\n",
    "    \n",
    "    e_mu = glmm_par_elbo['mu'].mean.get()\n",
    "    var_mu = glmm_par_elbo['mu'].var.get()\n",
    "    \n",
    "    e_tau = glmm_par_elbo['tau'].e()\n",
    "    e_log_tau = glmm_par_elbo['tau'].e_log()\n",
    "\n",
    "    ll = \\\n",
    "        DataLogLikelihood(x_mat, y_vec, e_beta, e_beta_outer,\n",
    "                          e_u[y_g_vec], var_u[y_g_vec], std_draws) + \\\n",
    "        RandomEffectLogLikelihood(e_u, var_u, e_mu, var_mu, e_tau, e_log_tau)\n",
    "\n",
    "    K = len(e_beta)\n",
    "    beta_prior_info = 0.01 * np.eye(K)\n",
    "    beta_prior_mean = np.full(K, 0.)\n",
    "    e_log_prior = \\\n",
    "        MVNPrior(beta_prior_mean, beta_prior_info, e_beta, cov_beta) + \\\n",
    "        UVNPrior(0., 0.01, e_mu, var_mu)\n",
    "    # TODO: add the other priors.\n",
    "        \n",
    "    entropy = \\\n",
    "        UnivariateNormalEntropy(var_mu) + \\\n",
    "        MultivariateNormalEntropy(cov_beta) + \\\n",
    "        UnivariateNormalEntropy(var_u) + \\\n",
    "        GammaEntropy(glmm_par_elbo['tau'].shape.get(), glmm_par_elbo['tau'].rate.get())\n",
    "\n",
    "    return ll + e_log_prior + entropy\n",
    "\n",
    "\n",
    "class KLWrapper():\n",
    "    def __init__(self, glmm_par, x_mat, y_vec, y_g_vec, num_draws):\n",
    "        self.__glmm_par_ad = copy.deepcopy(glmm_par)\n",
    "        self.x_mat = x_mat\n",
    "        self.y_vec = y_vec\n",
    "        self.y_g_vec = y_g_vec\n",
    "        draw_spacing = 1 / float(num_draws + 1)\n",
    "        target_quantiles = np.linspace(draw_spacing, 1 - draw_spacing, num_draws)\n",
    "        self.std_draws = sp.stats.norm.ppf(target_quantiles)\n",
    "    def Eval(self, free_par_vec, verbose=False):\n",
    "        self.__glmm_par_ad.set_free(free_par_vec)\n",
    "        kl = -Elbo(self.y_vec, self.x_mat, self.y_g_vec,\n",
    "                   self.__glmm_par_ad, std_draws=self.std_draws)\n",
    "        if verbose: print kl\n",
    "            \n",
    "        # TODO: this is returning an array when it should be a scalar.\n",
    "        return kl\n",
    "    \n",
    "    # Return a posterior moment of interest as a function of\n",
    "    # unconstrained parameters.  In this case it is a bit silly,\n",
    "    # but in full generality posterior moments may be a complicated\n",
    "    # function of moment parameters.\n",
    "    def GetMoments(self, free_par_vec):\n",
    "        self.__glmm_par_ad.set_free(free_par_vec)\n",
    "        return self.__glmm_par_ad['beta'].mean.get()\n",
    "\n"
   ]
  },
  {
   "cell_type": "code",
   "execution_count": 50,
   "metadata": {
    "collapsed": false
   },
   "outputs": [
    {
     "data": {
      "text/plain": [
       "array([ 8259.47459361])"
      ]
     },
     "execution_count": 50,
     "metadata": {},
     "output_type": "execute_result"
    }
   ],
   "source": [
    "kl_wrapper = KLWrapper(glmm_par, x_mat, y_vec, y_g_vec, 10)\n",
    "KLGrad = grad(kl_wrapper.Eval)\n",
    "KLHess = hessian(kl_wrapper.Eval)\n",
    "MomentJacobian = jacobian(kl_wrapper.GetMoments)\n",
    "KLHessVecProd = hessian_vector_product(kl_wrapper.Eval)  \n",
    "free_par_vec = glmm_par.get_free()\n",
    "kl_wrapper.Eval(free_par_vec)"
   ]
  },
  {
   "cell_type": "code",
   "execution_count": 51,
   "metadata": {
    "collapsed": false
   },
   "outputs": [
    {
     "name": "stdout",
     "output_type": "stream",
     "text": [
      "Function time:\n",
      "0.0284516096115\n",
      "Grad time:\n",
      "0.0612898826599\n",
      "Hessian vector product time:\n",
      "0.121336317062\n"
     ]
    }
   ],
   "source": [
    "import timeit\n",
    "\n",
    "time_num = 10\n",
    "\n",
    "print 'Function time:'\n",
    "print timeit.timeit(lambda: kl_wrapper.Eval(free_par_vec), number=time_num) / time_num\n",
    "\n",
    "print 'Grad time:'\n",
    "print timeit.timeit(lambda: KLGrad(free_par_vec), number=time_num) / time_num\n",
    "\n",
    "print 'Hessian vector product time:'\n",
    "print timeit.timeit(lambda: KLHessVecProd(free_par_vec, free_par_vec + 1), number=time_num) / time_num\n",
    "\n",
    "# so slow\n",
    "# print 'Hessian time:'\n",
    "# print timeit.timeit(lambda: KLHess(free_par_vec), number=time_num) / time_num\n"
   ]
  },
  {
   "cell_type": "code",
   "execution_count": 53,
   "metadata": {
    "collapsed": false
   },
   "outputs": [
    {
     "name": "stdout",
     "output_type": "stream",
     "text": [
      "Running Newton Trust Region\n",
      "[ 8259.47459361]\n",
      "[ 7907.71659624]\n",
      "[ 7544.72898657]\n",
      "[ 7406.05042572]\n",
      "[ 7297.78320809]\n",
      "[ 7159.13842897]\n",
      "[ 7050.93427252]\n",
      "[ 7013.45263095]\n",
      "[ 7003.90263352]\n",
      "[ 7003.08181478]\n",
      "[ 6995.49882607]\n",
      "[ 6995.0484472]\n",
      "[ 6992.70141725]\n",
      "[ 6984.83682609]\n",
      "[ 6984.05676993]\n",
      "[ 6983.04969409]\n",
      "[ 6981.49173274]\n",
      "[ 6981.09930087]\n",
      "[ 6980.02313244]\n",
      "[ 6979.09869781]\n",
      "[ 6979.09645736]\n",
      "[ 6978.78282701]\n",
      "[ 6977.97112316]\n",
      "[ 6977.96963405]\n",
      "[ 6977.7844191]\n",
      "[ 6977.45753101]\n",
      "[ 6977.43518726]\n",
      "[ 6977.43424893]\n",
      "[ 6977.39551482]\n",
      "[ 6977.2633776]\n",
      "[ 6977.15632224]\n",
      "[ 6977.11955932]\n",
      "[ 6977.08853413]\n",
      "[ 6977.00546656]\n",
      "[ 6976.96162626]\n",
      "[ 6976.90909568]\n",
      "[ 6976.90397005]\n",
      "[ 6976.84379657]\n",
      "[ 6976.81402083]\n",
      "[ 6976.79024172]\n",
      "[ 6976.7898199]\n",
      "[ 6976.78716149]\n",
      "[ 6976.83164659]\n",
      "[ 6976.7584306]\n",
      "[ 6976.74940219]\n",
      "[ 6976.74745976]\n",
      "[ 6976.74456687]\n",
      "[ 6976.74418734]\n",
      "[ 6976.70920051]\n",
      "[ 6976.68604671]\n",
      "[ 6976.68046133]\n",
      "[ 6976.68042024]\n",
      "[ 6976.68017496]\n",
      "[ 6976.65436514]\n",
      "[ 6976.64719526]\n",
      "[ 6976.64401623]\n",
      "[ 6976.63640553]\n",
      "[ 6976.63629539]\n",
      "[ 6976.64425603]\n",
      "[ 6976.62475217]\n",
      "[ 6976.62364371]\n",
      "[ 6976.62142518]\n",
      "[ 6976.61980894]\n",
      "[ 6976.60687338]\n",
      "[ 6976.603386]\n",
      "[ 6976.59500261]\n",
      "[ 6976.59482902]\n",
      "[ 6976.59773196]\n",
      "[ 6976.58801907]\n",
      "[ 6976.58685835]\n",
      "[ 6976.58556134]\n",
      "[ 6976.58554821]\n",
      "[ 6976.57528052]\n",
      "[ 6976.57309641]\n",
      "[ 6976.57217615]\n",
      "[ 6976.57180653]\n",
      "[ 6976.57668082]\n",
      "[ 6976.56830399]\n",
      "[ 6976.56764392]\n",
      "[ 6976.56698715]\n",
      "[ 6976.56694737]\n",
      "[ 6976.56273035]\n",
      "[ 6976.56083228]\n",
      "[ 6976.56065325]\n",
      "[ 6976.56040715]\n",
      "[ 6976.5603803]\n",
      "[ 6976.5597685]\n",
      "[ 6976.55653719]\n",
      "[ 6976.55653656]\n",
      "[ 6976.55639375]\n",
      "[ 6976.55638411]\n",
      "[ 6976.55638378]\n",
      "[ 6976.55638378]\n",
      "Done.\n"
     ]
    }
   ],
   "source": [
    "# Optimize.\n",
    "# print 'Running BFGS'\n",
    "# vb_opt_bfgs = optimize.minimize(\n",
    "#     lambda par: kl_wrapper.Eval(par, verbose=True), init_par_vec,\n",
    "#     method='bfgs', jac=KLGrad, tol=1e-2)\n",
    "\n",
    "init_par_vec = free_par_vec\n",
    "print 'Running Newton Trust Region'\n",
    "vb_opt = optimize.minimize(\n",
    "    lambda par: kl_wrapper.Eval(par, verbose=True),\n",
    "    init_par_vec, method='trust-ncg', jac=KLGrad, hessp=KLHessVecProd, options={'maxiter': 5000})\n",
    "glmm_par_opt = copy.deepcopy(glmm_par)\n",
    "glmm_par_opt.set_free(vb_opt.x)\n",
    "print 'Done.'"
   ]
  },
  {
   "cell_type": "code",
   "execution_count": 54,
   "metadata": {
    "collapsed": false
   },
   "outputs": [
    {
     "name": "stdout",
     "output_type": "stream",
     "text": [
      "ModelParamsList:\n",
      "\tmu:\n",
      "mu_mean: [ 0.18867651]\n",
      "mu_var: [ 0.00066082]\n",
      "\ttau:\n",
      "tau_shape: [ 250.99933097]\n",
      "tau_rate: [ 82.9333544]\n",
      "\tbeta:\n",
      "beta_mean:\n",
      "[ 0.0706075   0.17041074  0.28284455  0.03602019 -0.11281064  0.32717349\n",
      "  0.10292023  0.23081865  0.23082206  0.13593157 -0.27598646  0.11915163\n",
      " -0.27872704 -0.13630827  0.26934286  0.18583463  0.0674389  -0.06892204\n",
      "  0.05510759  0.20473975 -0.05511796  0.19249849 -0.12813473  0.09923491\n",
      "  0.01341202]\n",
      "beta_cov:\n",
      "[[  8.42190782e-03   6.77102938e-05   3.43134965e-05  -5.18017918e-06\n",
      "    8.93419002e-05  -1.71002516e-05  -4.95508794e-05   1.12393376e-04\n",
      "   -1.05945305e-04  -2.48904535e-05   5.13310151e-05  -5.69067668e-05\n",
      "    1.04741140e-04   5.60068975e-05   2.88469507e-05   1.03365006e-04\n",
      "   -9.21331449e-05  -3.24218414e-05   9.94549207e-05   2.09606112e-05\n",
      "   -6.73828933e-05  -1.97208689e-05   1.89649365e-04   3.48823072e-05\n",
      "    1.54628374e-05]\n",
      " [  6.77102938e-05   8.31040968e-03   8.48310325e-05  -9.55439834e-05\n",
      "   -1.09604895e-04  -8.96146283e-05   4.80034806e-05   9.10378442e-05\n",
      "    6.34398511e-05  -6.90163107e-05  -6.04570005e-05   3.85517217e-05\n",
      "   -4.62617199e-05  -8.27855053e-05   3.63397323e-05   6.59663158e-06\n",
      "    4.56101058e-05   1.02381157e-04  -1.05546665e-04   1.11149912e-05\n",
      "    1.10684957e-04   1.62531423e-05  -8.03184702e-06  -3.52443184e-05\n",
      "    4.45552543e-05]\n",
      " [  3.43134965e-05   8.48310325e-05   8.46839931e-03   2.17751681e-06\n",
      "   -1.55271855e-05  -2.29749478e-05  -5.43861428e-05  -9.03967710e-06\n",
      "    1.63916706e-04  -9.52168076e-06  -3.79676979e-06   1.56988616e-04\n",
      "   -1.50024109e-04   9.47700564e-05   7.64526617e-05   1.18542169e-05\n",
      "   -1.30706719e-04   1.34384949e-04   1.00584483e-04   3.13932730e-05\n",
      "   -2.53045522e-05  -1.58124076e-05   1.19500915e-04   8.07089673e-06\n",
      "   -1.32123637e-04]\n",
      " [ -5.18017918e-06  -9.55439834e-05   2.17751681e-06   8.48597454e-03\n",
      "    1.18460386e-05  -4.65129096e-05  -3.08311254e-05   1.07455374e-04\n",
      "   -7.43278727e-06   4.87954168e-05   1.56750775e-04   4.92706958e-05\n",
      "    4.73679813e-05  -1.18058008e-04   1.72503600e-04   5.24559858e-05\n",
      "   -9.73709278e-05  -9.24156296e-05   6.94082515e-05  -1.51073258e-05\n",
      "   -1.04499723e-04  -7.14106346e-05  -8.79808281e-05   2.14508067e-05\n",
      "   -1.04977721e-04]\n",
      " [  8.93419002e-05  -1.09604895e-04  -1.55271855e-05   1.18460386e-05\n",
      "    8.39610433e-03  -8.40153018e-05   1.24377238e-04  -5.39140503e-05\n",
      "   -1.42274413e-04   4.50929680e-05   7.58004471e-05  -5.33140092e-05\n",
      "    1.66117112e-04  -1.14588717e-04   2.34431530e-05  -3.65231045e-05\n",
      "    1.41703658e-04   3.49167200e-05  -1.68129551e-04   1.25688502e-04\n",
      "   -1.46255759e-04  -1.37489960e-04  -2.19732162e-05   1.81361901e-05\n",
      "    1.06601865e-04]\n",
      " [ -1.71002516e-05  -8.96146283e-05  -2.29749478e-05  -4.65129096e-05\n",
      "   -8.40153018e-05   8.41251801e-03  -3.86320946e-05  -2.19015791e-04\n",
      "    6.96717771e-05   1.54739344e-04  -1.32401386e-04  -8.73743420e-05\n",
      "   -2.64075853e-05   7.32814088e-05   1.84673518e-04   3.22904409e-06\n",
      "   -1.12300913e-04   6.10839381e-05  -9.08997379e-06   5.40158521e-05\n",
      "   -1.33789896e-04   2.92322946e-05  -8.45616824e-05   1.03059936e-04\n",
      "    1.00674766e-04]\n",
      " [ -4.95508794e-05   4.80034806e-05  -5.43861428e-05  -3.08311254e-05\n",
      "    1.24377238e-04  -3.86320946e-05   8.42840790e-03   5.96634349e-05\n",
      "    1.01776370e-04   3.67391093e-05  -8.60453130e-05  -9.82690007e-05\n",
      "    1.47686961e-04  -1.52582367e-04   4.44386936e-05   3.13104656e-05\n",
      "    1.25600098e-05   1.34349275e-04   1.59995998e-05   5.01706603e-05\n",
      "    9.70850725e-05   1.12576584e-04   9.00078063e-06   2.12603546e-05\n",
      "    5.00917938e-05]\n",
      " [  1.12393376e-04   9.10378442e-05  -9.03967710e-06   1.07455374e-04\n",
      "   -5.39140503e-05  -2.19015791e-04   5.96634349e-05   8.32452275e-03\n",
      "    1.48620242e-04  -4.04506110e-06  -6.53019841e-05  -1.86400279e-05\n",
      "    1.09219826e-05   1.31040116e-04  -1.10101760e-04   7.31405002e-05\n",
      "    1.65446748e-05   7.00777179e-05   1.94842646e-04   3.18142691e-05\n",
      "    4.48182560e-05   4.64284559e-05   3.10375777e-05   5.26640543e-05\n",
      "   -3.12872338e-05]\n",
      " [ -1.05945305e-04   6.34398511e-05   1.63916706e-04  -7.43278727e-06\n",
      "   -1.42274413e-04   6.96717771e-05   1.01776370e-04   1.48620242e-04\n",
      "    8.48624764e-03   7.02664517e-05  -1.52334492e-04   3.88893927e-05\n",
      "   -1.05341321e-04  -1.29566475e-04   9.95883483e-05  -7.88605298e-05\n",
      "    1.84627379e-05  -4.30547433e-05   5.81094101e-05  -6.48567255e-06\n",
      "   -7.36056781e-05  -8.08071414e-05  -6.13082807e-05   8.54330885e-05\n",
      "    6.23225585e-05]\n",
      " [ -2.48904535e-05  -6.90163107e-05  -9.52168076e-06   4.87954168e-05\n",
      "    4.50929680e-05   1.54739344e-04   3.67391093e-05  -4.04506110e-06\n",
      "    7.02664517e-05   8.36532960e-03   8.57597188e-05   2.84653622e-06\n",
      "   -3.27628494e-05  -5.50918773e-05  -1.32313576e-05   6.41262432e-05\n",
      "   -4.14930398e-05  -5.09212568e-06  -3.25693396e-05  -5.28998523e-06\n",
      "   -2.39632912e-05  -8.11376635e-05  -4.22739644e-06   1.47708347e-04\n",
      "   -1.15161486e-04]\n",
      " [  5.13310151e-05  -6.04570005e-05  -3.79676979e-06   1.56750775e-04\n",
      "    7.58004471e-05  -1.32401386e-04  -8.60453130e-05  -6.53019841e-05\n",
      "   -1.52334492e-04   8.57597188e-05   8.34062341e-03   7.05071571e-05\n",
      "    7.04531229e-05  -3.33806658e-05  -9.70150741e-05   1.62557254e-04\n",
      "    6.38198604e-05  -9.57075563e-05  -7.49772646e-05   6.73816716e-06\n",
      "   -7.68160052e-05   6.79667744e-05   1.23991428e-04   1.04647008e-05\n",
      "   -2.31331064e-04]\n",
      " [ -5.69067668e-05   3.85517217e-05   1.56988616e-04   4.92706958e-05\n",
      "   -5.33140092e-05  -8.73743420e-05  -9.82690007e-05  -1.86400279e-05\n",
      "    3.88893927e-05   2.84653622e-06   7.05071571e-05   8.36466039e-03\n",
      "    1.19283639e-04   4.67169461e-05  -1.02872177e-04  -5.02884419e-05\n",
      "   -4.92968044e-05   5.62676075e-06  -1.06783019e-04  -2.29209602e-05\n",
      "   -2.30472216e-04   4.41513854e-05   3.84421875e-05  -4.89459771e-05\n",
      "   -6.18284810e-05]\n",
      " [  1.04741140e-04  -4.62617199e-05  -1.50024109e-04   4.73679813e-05\n",
      "    1.66117112e-04  -2.64075853e-05   1.47686961e-04   1.09219826e-05\n",
      "   -1.05341321e-04  -3.27628494e-05   7.04531229e-05   1.19283639e-04\n",
      "    8.24274664e-03   1.35546416e-04   3.82557765e-06  -9.31522117e-05\n",
      "   -9.87552938e-06  -4.77833751e-05  -6.13970775e-05   3.03805133e-05\n",
      "   -3.89077839e-05  -2.82446931e-05   2.38045036e-05  -1.47522335e-04\n",
      "   -5.46551074e-05]\n",
      " [  5.60068975e-05  -8.27855053e-05   9.47700564e-05  -1.18058008e-04\n",
      "   -1.14588717e-04   7.32814088e-05  -1.52582367e-04   1.31040116e-04\n",
      "   -1.29566475e-04  -5.50918773e-05  -3.33806658e-05   4.67169461e-05\n",
      "    1.35546416e-04   8.34020344e-03   1.40277977e-04  -7.10675297e-05\n",
      "    2.00279928e-05  -4.21720513e-06  -1.59316167e-06   3.35600499e-05\n",
      "    1.08532233e-04   7.39497964e-07   6.50288762e-05  -6.77917662e-06\n",
      "    5.79578834e-05]\n",
      " [  2.88469507e-05   3.63397323e-05   7.64526617e-05   1.72503600e-04\n",
      "    2.34431530e-05   1.84673518e-04   4.44386936e-05  -1.10101760e-04\n",
      "    9.95883483e-05  -1.32313576e-05  -9.70150741e-05  -1.02872177e-04\n",
      "    3.82557765e-06   1.40277977e-04   8.34330462e-03   1.71233391e-04\n",
      "   -1.76820595e-04  -4.86627101e-05  -1.63615596e-04   3.38502691e-05\n",
      "    1.25633880e-04   9.82513988e-05   1.09031190e-06   1.09072789e-04\n",
      "   -1.56162192e-05]\n",
      " [  1.03365006e-04   6.59663158e-06   1.18542169e-05   5.24559858e-05\n",
      "   -3.65231045e-05   3.22904409e-06   3.13104656e-05   7.31405002e-05\n",
      "   -7.88605298e-05   6.41262432e-05   1.62557254e-04  -5.02884419e-05\n",
      "   -9.31522117e-05  -7.10675297e-05   1.71233391e-04   8.37799520e-03\n",
      "    8.08093748e-05  -2.59126807e-05  -6.97783472e-05  -3.12970534e-05\n",
      "    3.64167518e-05   4.85962631e-06   1.66828399e-05   5.10711209e-05\n",
      "   -7.24581288e-05]\n",
      " [ -9.21331449e-05   4.56101058e-05  -1.30706719e-04  -9.73709278e-05\n",
      "    1.41703658e-04  -1.12300913e-04   1.25600098e-05   1.65446748e-05\n",
      "    1.84627379e-05  -4.14930398e-05   6.38198604e-05  -4.92968044e-05\n",
      "   -9.87552938e-06   2.00279928e-05  -1.76820595e-04   8.08093748e-05\n",
      "    8.46453063e-03  -1.12358487e-05   1.07082758e-04   3.59954663e-05\n",
      "    3.56452540e-05   1.77217219e-04   5.06202051e-05   8.02519119e-05\n",
      "    4.24111889e-05]\n",
      " [ -3.24218414e-05   1.02381157e-04   1.34384949e-04  -9.24156296e-05\n",
      "    3.49167200e-05   6.10839381e-05   1.34349275e-04   7.00777179e-05\n",
      "   -4.30547433e-05  -5.09212568e-06  -9.57075563e-05   5.62676075e-06\n",
      "   -4.77833751e-05  -4.21720513e-06  -4.86627101e-05  -2.59126807e-05\n",
      "   -1.12358487e-05   8.44965691e-03  -4.91067745e-05  -6.38651804e-05\n",
      "   -9.43745027e-05   8.79033575e-05   2.51946017e-05  -3.62276688e-05\n",
      "    8.27393387e-05]\n",
      " [  9.94549207e-05  -1.05546665e-04   1.00584483e-04   6.94082515e-05\n",
      "   -1.68129551e-04  -9.08997379e-06   1.59995998e-05   1.94842646e-04\n",
      "    5.81094101e-05  -3.25693396e-05  -7.49772646e-05  -1.06783019e-04\n",
      "   -6.13970775e-05  -1.59316167e-06  -1.63615596e-04  -6.97783472e-05\n",
      "    1.07082758e-04  -4.91067745e-05   8.39678790e-03  -2.56692218e-06\n",
      "   -1.14384051e-04  -4.87782351e-05   1.04983760e-04  -2.86901682e-05\n",
      "    3.85477033e-06]\n",
      " [  2.09606112e-05   1.11149912e-05   3.13932730e-05  -1.51073258e-05\n",
      "    1.25688502e-04   5.40158521e-05   5.01706603e-05   3.18142691e-05\n",
      "   -6.48567255e-06  -5.28998523e-06   6.73816716e-06  -2.29209602e-05\n",
      "    3.03805133e-05   3.35600499e-05   3.38502691e-05  -3.12970534e-05\n",
      "    3.59954663e-05  -6.38651804e-05  -2.56692218e-06   8.46755753e-03\n",
      "   -1.08536937e-04   6.75721670e-05  -1.42279974e-06   1.41724202e-04\n",
      "    5.39210498e-05]\n",
      " [ -6.73828933e-05   1.10684957e-04  -2.53045522e-05  -1.04499723e-04\n",
      "   -1.46255759e-04  -1.33789896e-04   9.70850725e-05   4.48182560e-05\n",
      "   -7.36056781e-05  -2.39632912e-05  -7.68160052e-05  -2.30472216e-04\n",
      "   -3.89077839e-05   1.08532233e-04   1.25633880e-04   3.64167518e-05\n",
      "    3.56452540e-05  -9.43745027e-05  -1.14384051e-04  -1.08536937e-04\n",
      "    8.42280830e-03   1.03619818e-05  -2.08564126e-05   7.68565457e-05\n",
      "    3.94116625e-05]\n",
      " [ -1.97208689e-05   1.62531423e-05  -1.58124076e-05  -7.14106346e-05\n",
      "   -1.37489960e-04   2.92322946e-05   1.12576584e-04   4.64284559e-05\n",
      "   -8.08071414e-05  -8.11376635e-05   6.79667744e-05   4.41513854e-05\n",
      "   -2.82446931e-05   7.39497964e-07   9.82513988e-05   4.85962631e-06\n",
      "    1.77217219e-04   8.79033575e-05  -4.87782351e-05   6.75721670e-05\n",
      "    1.03619818e-05   8.28866017e-03   3.29129856e-05  -5.30017793e-05\n",
      "    6.33667730e-05]\n",
      " [  1.89649365e-04  -8.03184702e-06   1.19500915e-04  -8.79808281e-05\n",
      "   -2.19732162e-05  -8.45616824e-05   9.00078063e-06   3.10375777e-05\n",
      "   -6.13082807e-05  -4.22739644e-06   1.23991428e-04   3.84421875e-05\n",
      "    2.38045036e-05   6.50288762e-05   1.09031190e-06   1.66828399e-05\n",
      "    5.06202051e-05   2.51946017e-05   1.04983760e-04  -1.42279974e-06\n",
      "   -2.08564126e-05   3.29129856e-05   8.36041931e-03   6.96398449e-05\n",
      "    1.56127379e-04]\n",
      " [  3.48823072e-05  -3.52443184e-05   8.07089673e-06   2.14508067e-05\n",
      "    1.81361901e-05   1.03059936e-04   2.12603546e-05   5.26640543e-05\n",
      "    8.54330885e-05   1.47708347e-04   1.04647008e-05  -4.89459771e-05\n",
      "   -1.47522335e-04  -6.77917662e-06   1.09072789e-04   5.10711209e-05\n",
      "    8.02519119e-05  -3.62276688e-05  -2.86901682e-05   1.41724202e-04\n",
      "    7.68565457e-05  -5.30017793e-05   6.96398449e-05   8.49830349e-03\n",
      "   -1.68773407e-06]\n",
      " [  1.54628374e-05   4.45552543e-05  -1.32123637e-04  -1.04977721e-04\n",
      "    1.06601865e-04   1.00674766e-04   5.00917938e-05  -3.12872338e-05\n",
      "    6.23225585e-05  -1.15161486e-04  -2.31331064e-04  -6.18284810e-05\n",
      "   -5.46551074e-05   5.79578834e-05  -1.56162192e-05  -7.24581288e-05\n",
      "    4.24111889e-05   8.27393387e-05   3.85477033e-06   5.39210498e-05\n",
      "    3.94116625e-05   6.33667730e-05   1.56127379e-04  -1.68773407e-06\n",
      "    8.46069806e-03]]\n",
      "\tu:\n",
      "u_mean:\n",
      "[ 0.16293336  1.16329876 -0.60685232 -0.21574453 -0.10924731  0.44579329\n",
      "  0.30550497 -0.17264817  0.42873124 -0.32703058 -0.3023688   0.12164788\n",
      " -0.24786529 -0.0382699   0.14340963  0.70509724 -0.11026161  0.48875782\n",
      " -0.18574789  0.37341825  0.18546403 -0.17116293  0.23263218 -0.29457718\n",
      " -0.07611637 -0.06021497 -0.44575561 -0.44372435 -0.12936535  0.22011797\n",
      " -0.15669319  0.5872915  -0.14463986  1.14793673  0.46582348  0.14747647\n",
      "  0.1353543   0.45965481 -0.29132017  0.10038844  0.41813861  0.69577304\n",
      "  0.46633764  0.63547371  0.60344679 -0.26030655  0.39050643 -0.13601309\n",
      " -0.01468157  1.00591639 -0.50012384 -0.45184484  0.88126999 -0.45780354\n",
      "  0.4859438  -0.2139794   1.06267351 -0.13589526  0.47812712 -0.07804189\n",
      " -0.4494182   0.69613396  0.09747872 -0.57529248 -0.12003384  0.62435742\n",
      "  0.25165764 -0.15106923 -0.2873046   0.55196749 -0.27864324 -0.33407712\n",
      " -0.43140335  0.34791913  0.41852117  0.1855987  -0.08274715  0.34054992\n",
      "  0.08417953  0.72633785  0.43881151 -0.49317881  0.35085375  0.20782063\n",
      "  0.70990516  0.57032915  0.69430793  0.23831891  0.07657189 -0.1669111\n",
      " -0.07003278 -0.3102152   0.18023282 -0.27648355 -0.6401153  -0.05552424\n",
      " -0.04052941  0.06825065  0.07828115  0.46941044  0.49385516 -0.5705013\n",
      " -0.40155224 -0.09787645  0.57374573  0.10448845 -0.31744655  0.21127702\n",
      "  0.60157521 -0.03646473 -0.48707784  0.55108121 -0.46672166  0.19166521\n",
      " -0.15364811  0.00145931  0.36224795  0.73318925 -0.34078825 -0.82990272\n",
      "  0.52920919 -0.23744208  0.00510716  0.84969406  0.34218325  0.3682389\n",
      "  0.45867979  0.34295931  0.62039656  0.13978077  0.49548407  1.15312494\n",
      "  0.29007646  0.74310277 -0.11749977  0.07544479  0.03739731  0.32405597\n",
      "  0.30857188  0.6403462   0.33315215  0.64797911  1.02910427  0.59303268\n",
      "  0.0311332  -0.09924984  0.16888457  0.30375155 -0.03832453  0.18857946\n",
      " -0.05458334  0.85538716 -0.15416536 -0.56573501  0.88577201  0.34133738\n",
      "  0.35136897  0.22579854 -0.17045424  0.4397428   0.04344264 -0.11711341\n",
